"x"
1.6961
1.6961
1.6961
1.6961
1.6961
1.6961
1.6961
1.6961
1.6961
1.6961
1.6961
1.6961
1.6961
1.6961
1.6961
-0.10254
-0.10254
-0.10254
-0.10254
-0.10254
-0.10254
-0.10254
-0.10254
-0.10254
-0.10254
2.0603
2.0603
2.0603
2.0603
2.0603
0.02179
0.02179
0.02179
0.02179
0.02179
0.02179
0.02179
0.02179
0.02179
0.02179
0.02179
0.02179
0.02179
0.02179
0.02179
0.71213
0.71213
0.71213
0.71213
0.71213
0.71213
0.71213
0.71213
0.71213
0.71213
-0.60437
-0.60437
-0.60437
-0.60437
-0.60437
-0.60437
-0.60437
-0.60437
-0.60437
-0.60437
-0.60437
-0.60437
-0.60437
-0.60437
-0.60437
1.6789
1.6789
1.6789
1.6789
1.6789
0.38226
0.38226
0.38226
0.38226
0.38226
0.38226
0.38226
0.38226
0.38226
0.38226
0.38226
0.38226
0.38226
0.38226
0.38226
0.64413
0.64413
0.64413
0.64413
0.64413
0.64413
0.64413
0.64413
0.64413
0.64413
-0.93628
-0.93628
-0.93628
-0.93628
-0.93628
-0.93628
-0.93628
-0.93628
-0.93628
-0.93628
0.69778
0.69778
0.69778
0.69778
0.69778
0.49078
0.49078
0.49078
0.49078
0.49078
0.49078
0.49078
0.49078
0.49078
0.49078
0.49078
0.49078
0.49078
0.49078
0.49078
2.0859
2.0859
2.0859
2.0859
2.0859
2.0859
2.0859
2.0859
2.0859
2.0859
2.0859
2.0859
2.0859
2.0859
2.0859
2.0859
2.0859
2.0859
2.0859
2.0859
2.0859
2.0859
2.0859
2.0859
2.0859
2.0859
2.0859
2.0859
2.0859
2.0859
2.0859
2.0859
2.0859
2.0859
2.0859
-0.067017
-0.067017
-0.067017
-0.067017
-0.067017
1.067
1.067
1.067
1.067
1.067
1.067
1.067
1.067
1.067
1.067
1.067
1.067
1.067
1.067
1.067
1.067
1.067
1.067
1.067
1.067
1.067
1.067
1.067
1.067
1.067
1.067
1.067
1.067
1.067
1.067
1.067
1.067
1.067
1.067
1.067
-0.96085
-0.96085
-0.96085
-0.96085
-0.96085
0.8714
0.8714
0.8714
0.8714
0.8714
-1.1312
-1.1312
-1.1312
-1.1312
-1.1312
0.8714
0.8714
0.8714
0.8714
0.8714
0.8714
0.8714
0.8714
0.8714
0.8714
0.8714
0.8714
0.8714
0.8714
0.8714
-1.4653
-1.4653
-1.4653
-1.4653
-1.4653
0.8118
0.8118
0.8118
0.8118
0.8118
0.1882
0.1882
0.1882
0.1882
0.1882
0.1882
0.1882
0.1882
0.1882
0.1882
0.1882
0.1882
0.1882
0.1882
0.1882
2.3737
2.3737
2.3737
2.3737
2.3737
-1.1
-1.1
-1.1
-1.1
-1.1
1.0944
1.0944
1.0944
1.0944
1.0944
-1.3829
-1.3829
-1.3829
-1.3829
-1.3829
-1.3829
-1.3829
-1.3829
-1.3829
-1.3829
0.90732
0.90732
0.90732
0.90732
0.90732
0.90732
0.90732
0.90732
0.90732
0.90732
-1.4397
-1.4397
-1.4397
-1.4397
-1.4397
-1.4397
-1.4397
-1.4397
-1.4397
-1.4397
-1.4397
-1.4397
-1.4397
-1.4397
-1.4397
2.4397
2.4397
2.4397
2.4397
2.4397
2.4397
2.4397
2.4397
2.4397
2.4397
-0.15237
-0.15237
-0.15237
-0.15237
-0.15237
2.4697
2.4697
2.4697
2.4697
2.4697
-1.3257
-1.3257
-1.3257
-1.3257
-1.3257
-1.0225
-1.0225
-1.0225
-1.0225
-1.0225
-1.0225
-1.0225
-1.0225
-1.0225
-1.0225
-1.0225
-1.0225
-1.0225
-1.0225
-0.10901
0.87183
0.87183
0.87183
0.87183
0.87183
0.20107
0.20107
0.20107
0.20107
0.20107
0.18209
0.18209
0.18209
0.18209
0.18209
0.15808
0.15808
0.15808
0.15808
0.15808
0.15808
0.15808
0.15808
0.15808
0.15808
-0.5302
-0.5302
-0.5302
-0.5302
-0.5302
-0.5302
-0.5302
-0.5302
-0.5302
-0.5302
1.5302
1.5302
1.5302
1.5302
1.5302
1.7945
1.7945
1.7945
1.7945
1.7945
1.7945
1.7945
1.7945
1.7945
1.7945
1.7945
1.7945
1.7945
1.7945
1.7945
-1.4808
-1.4808
-1.4808
-1.4808
-1.4808
-0.43729
-0.43729
-0.43729
-0.43729
-0.43729
-0.11932
-0.11932
-0.11932
-0.11932
-0.11932
-0.11932
-0.11932
-0.11932
-0.11932
-0.11932
-0.79971
-0.79971
-0.79971
-0.79971
-0.79971
0.10221
0.10221
0.10221
0.10221
0.10221
0.10221
0.10221
0.10221
0.10221
0.10221
0.89385
0.89385
0.89385
0.89385
0.89385
0.10615
0.10615
0.10615
0.10615
0.10615
-0.056608
-0.056608
-0.056608
-0.056608
-0.056608
-0.0055436
-0.0055436
-0.0055436
-0.0055436
-0.0055436
0.024045
0.024045
0.024045
0.024045
0.024045
0.93361
0.93361
0.93361
0.93361
0.93361
0.13873
0.13873
0.13873
0.13873
0.13873
1.2903
1.2903
1.2903
1.2903
1.2903
-0.155
-0.155
-0.155
-0.155
-0.155
2.1109
2.1109
2.1109
2.1109
2.1109
2.1109
2.1109
2.1109
2.1109
2.1109
2.1109
2.1109
2.1109
2.1109
2.1109
