"x"
-0.021978
-0.021978
0.017094
-0.002442
0.090354
0.18803
0.31013
0.47131
0.62759
0.75946
0.85226
0.9011
0.91087
0.88645
0.87668
0.88645
0.91087
0.94505
0.96459
0.9304
0.81807
0.66178
0.48596
0.31013
0.16361
0.051282
-0.007326
-0.026862
0.031746
0.12454
0.30037
0.5348
0.79853
1.0037
1.0574
0.96947
0.74481
0.46642
0.20269
0.06105
0.08547
0.11966
0.13919
0.08547
0.021978
0.080586
0.15873
0.22711
0.22222
0.21734
0.18315
0.10989
0.075702
0.08547
0.090354
0.095238
0.15873
0.20757
0.24664
0.23687
0.19292
0.11477
0.056166
0.090354
0.17338
0.23199
0.25153
0.23687
0.17338
0.12943
0.056166
-0.002442
0.01221
-0.017094
0.01221
0.10012
0.17827
0.29548
0.40781
0.48107
0.50061
0.44689
0.34432
0.21734
0.12943
0.026862
0.021978
-0.002442
0.026862
0.080586
0.14896
0.20269
0.24176
0.26129
0.24664
0.21734
0.19292
0.15385
0.11966
0.12454
0.14408
0.1685
0.20269
0.21734
0.15873
0.08547
0.03663
0.095238
0.20269
0.30525
0.37851
0.40293
0.36874
0.2906
0.15385
0.095238
0.10501
0.19292
0.27106
0.31013
0.29548
0.23199
0.13919
0.056166
0.01221
0.031746
-0.002442
0.03663
0.070818
0.13431
0.20269
0.25153
0.27106
0.29548
0.33944
0.40293
0.50061
0.64225
0.80342
0.96947
1.1355
1.2723
1.3553
1.409
1.4383
1.4579
1.4774
1.5311
1.5849
1.6532
1.7265
1.7998
1.8584
1.9072
1.9463
1.9707
1.9951
2
2.0244
2.0488
2.0635
2.0928
2.1221
2.1319
2.1563
2.1661
2.1758
2.1661
2.0781
1.9023
1.619
1.2772
0.95971
0.71551
0.53968
0.47131
0.46642
0.51526
0.60317
0.71551
0.81807
0.86691
0.87668
0.83272
0.75946
0.68132
0.61783
0.57875
0.55922
0.57875
0.61783
0.6569
0.69109
0.72039
0.71551
0.69597
0.67643
0.65201
0.62271
0.59829
0.59341
0.60317
0.61294
0.63736
0.6569
0.66667
0.66178
0.64713
0.59341
0.47619
0.32479
0.10501
0.06105
0.16361
0.24664
0.24176
0.14896
0.031746
0.14896
0.24664
0.27595
0.21245
0.10012
0.095238
0.1978
0.28083
0.28571
0.1978
0.03663
0.15873
0.33944
0.52015
0.62271
0.62759
0.5348
0.41758
0.27595
0.14896
0.041514
0.041514
0.095238
0.1978
0.28571
0.34432
0.31502
0.24176
0.12943
0.070818
0.16361
0.28083
0.34921
0.33455
0.28083
0.17827
0.070818
0.051282
0.11966
0.14896
0.14408
0.10501
0.01221
0.065934
0.10501
0.20757
0.31013
0.442
0.59829
0.74969
0.82784
0.78388
0.60317
0.33944
0.12943
0.18315
0.30037
0.33455
0.23687
0.075702
0.14896
0.30037
0.38339
0.33944
0.17827
0.11477
0.32967
0.62759
0.89133
1.0427
1.0037
0.76435
0.41758
0.13919
0.26129
0.48596
0.67155
0.73993
0.67155
0.50549
0.27106
0.075702
0.20269
0.42735
0.62271
0.75946
0.779
0.71062
0.58364
0.45665
0.36874
0.34432
0.38828
0.47131
0.59341
0.64713
0.56899
0.37363
0.14896
0.31013
0.6862
1.1062
1.4237
1.58
1.5849
1.4139
1.1258
0.79365
0.49573
0.27106
0.12454
0.13919
0.26618
0.52991
0.90598
1.2674
1.4237
1.2527
0.83761
0.30525
0.23199
0.49573
0.81807
1.0134
1.0085
0.83272
0.5641
0.31013
0.13431
0.01221
0.041514
0.080586
0.19292
0.37363
0.54945
0.66667
0.66667
0.52503
0.28571
0.13431
0.20757
0.37851
0.49573
0.51526
0.43223
0.27595
0.080586
0.090354
0.16361
0.20757
0.21245
0.15873
0.08547
0.06105
0.12943
0.19292
0.23199
0.22711
0.17338
0.095238
0.031746
0.051282
0.12454
0.17827
0.20757
0.20757
0.15385
0.13919
0.06105
0.03663
-0.002442
0.06105
0.14408
0.23687
0.35409
0.48107
0.59829
0.69109
0.779
0.84249
0.87668
0.91575
0.94017
0.97924
1.0281
1.0818
1.1404
1.2039
1.2674
1.2918
1.2234
1.0232
0.72039
0.34432
0.12943
0.27595
0.48107
0.62271
0.62759
0.51038
0.32967
0.13919
0.070818
0.16361
0.20269
0.1978
0.10501
0.041514
0.080586
0.1685
0.26129
0.2906
0.2906
0.24176
0.20269
0.10989
0.090354
0.01221
0.03663
0.007326
-0.01221
0.031746
-0.002442
-0.01221
-0.017094
-0.021978
0.01221
0.075702
0.13431
0.20269
0.26618
0.28083
0.26129
0.20269
0.13919
0.026862
0.021978
0.070818
0.11477
0.14408
0.10012
0.090354
0.007326
0.03663
0.046398
0.080586
0.095238
0.090354
0.051282
0.03663
-0.007326
0.031746
0.03663
0.075702
0.14408
0.21245
0.27106
0.27595
0.26129
0.21245
0.12454
0.075702
0.090354
0.14408
0.21734
0.32479
0.39316
0.42735
0.38339
0.2906
0.20269
0.14896
0.16361
0.25153
0.43223
0.67643
0.96947
1.2576
1.4676
1.5849
1.619
1.5849
